 Sphere of radius 5 nm and dipole spacing 1 nm 
	515 = number of dipoles in target
 1.000000 0.000000 0.000000 = A_1 vector
 0.000000 1.000000 0.000000 = A_2 vector
 1.000000 1.000000 1.000000 = (d_x,d_y,d_z)/d
 0.000000 0.000000 0.000000 = (x,y,z)/d
 JA  IX  IY  IZ ICOMP(x,y,z)
	1	0	-5	0	1	1	1
	2	-3	-4	0	1	1	1
	3	-2	-4	-2	1	1	1
	4	-2	-4	-1	1	1	1
	5	-2	-4	0	1	1	1
	6	-2	-4	1	1	1	1
	7	-2	-4	2	1	1	1
	8	-1	-4	-2	1	1	1
	9	-1	-4	-1	1	1	1
	10	-1	-4	0	1	1	1
	11	-1	-4	1	1	1	1
	12	-1	-4	2	1	1	1
	13	0	-4	-3	1	1	1
	14	0	-4	-2	1	1	1
	15	0	-4	-1	1	1	1
	16	0	-4	0	1	1	1
	17	0	-4	1	1	1	1
	18	0	-4	2	1	1	1
	19	0	-4	3	1	1	1
	20	1	-4	-2	1	1	1
	21	1	-4	-1	1	1	1
	22	1	-4	0	1	1	1
	23	1	-4	1	1	1	1
	24	1	-4	2	1	1	1
	25	2	-4	-2	1	1	1
	26	2	-4	-1	1	1	1
	27	2	-4	0	1	1	1
	28	2	-4	1	1	1	1
	29	2	-4	2	1	1	1
	30	3	-4	0	1	1	1
	31	-4	-3	0	1	1	1
	32	-3	-3	-2	1	1	1
	33	-3	-3	-1	1	1	1
	34	-3	-3	0	1	1	1
	35	-3	-3	1	1	1	1
	36	-3	-3	2	1	1	1
	37	-2	-3	-3	1	1	1
	38	-2	-3	-2	1	1	1
	39	-2	-3	-1	1	1	1
	40	-2	-3	0	1	1	1
	41	-2	-3	1	1	1	1
	42	-2	-3	2	1	1	1
	43	-2	-3	3	1	1	1
	44	-1	-3	-3	1	1	1
	45	-1	-3	-2	1	1	1
	46	-1	-3	-1	1	1	1
	47	-1	-3	0	1	1	1
	48	-1	-3	1	1	1	1
	49	-1	-3	2	1	1	1
	50	-1	-3	3	1	1	1
	51	0	-3	-4	1	1	1
	52	0	-3	-3	1	1	1
	53	0	-3	-2	1	1	1
	54	0	-3	-1	1	1	1
	55	0	-3	0	1	1	1
	56	0	-3	1	1	1	1
	57	0	-3	2	1	1	1
	58	0	-3	3	1	1	1
	59	0	-3	4	1	1	1
	60	1	-3	-3	1	1	1
	61	1	-3	-2	1	1	1
	62	1	-3	-1	1	1	1
	63	1	-3	0	1	1	1
	64	1	-3	1	1	1	1
	65	1	-3	2	1	1	1
	66	1	-3	3	1	1	1
	67	2	-3	-3	1	1	1
	68	2	-3	-2	1	1	1
	69	2	-3	-1	1	1	1
	70	2	-3	0	1	1	1
	71	2	-3	1	1	1	1
	72	2	-3	2	1	1	1
	73	2	-3	3	1	1	1
	74	3	-3	-2	1	1	1
	75	3	-3	-1	1	1	1
	76	3	-3	0	1	1	1
	77	3	-3	1	1	1	1
	78	3	-3	2	1	1	1
	79	4	-3	0	1	1	1
	80	-4	-2	-2	1	1	1
	81	-4	-2	-1	1	1	1
	82	-4	-2	0	1	1	1
	83	-4	-2	1	1	1	1
	84	-4	-2	2	1	1	1
	85	-3	-2	-3	1	1	1
	86	-3	-2	-2	1	1	1
	87	-3	-2	-1	1	1	1
	88	-3	-2	0	1	1	1
	89	-3	-2	1	1	1	1
	90	-3	-2	2	1	1	1
	91	-3	-2	3	1	1	1
	92	-2	-2	-4	1	1	1
	93	-2	-2	-3	1	1	1
	94	-2	-2	-2	1	1	1
	95	-2	-2	-1	1	1	1
	96	-2	-2	0	1	1	1
	97	-2	-2	1	1	1	1
	98	-2	-2	2	1	1	1
	99	-2	-2	3	1	1	1
	100	-2	-2	4	1	1	1
	101	-1	-2	-4	1	1	1
	102	-1	-2	-3	1	1	1
	103	-1	-2	-2	1	1	1
	104	-1	-2	-1	1	1	1
	105	-1	-2	0	1	1	1
	106	-1	-2	1	1	1	1
	107	-1	-2	2	1	1	1
	108	-1	-2	3	1	1	1
	109	-1	-2	4	1	1	1
	110	0	-2	-4	1	1	1
	111	0	-2	-3	1	1	1
	112	0	-2	-2	1	1	1
	113	0	-2	-1	1	1	1
	114	0	-2	0	1	1	1
	115	0	-2	1	1	1	1
	116	0	-2	2	1	1	1
	117	0	-2	3	1	1	1
	118	0	-2	4	1	1	1
	119	1	-2	-4	1	1	1
	120	1	-2	-3	1	1	1
	121	1	-2	-2	1	1	1
	122	1	-2	-1	1	1	1
	123	1	-2	0	1	1	1
	124	1	-2	1	1	1	1
	125	1	-2	2	1	1	1
	126	1	-2	3	1	1	1
	127	1	-2	4	1	1	1
	128	2	-2	-4	1	1	1
	129	2	-2	-3	1	1	1
	130	2	-2	-2	1	1	1
	131	2	-2	-1	1	1	1
	132	2	-2	0	1	1	1
	133	2	-2	1	1	1	1
	134	2	-2	2	1	1	1
	135	2	-2	3	1	1	1
	136	2	-2	4	1	1	1
	137	3	-2	-3	1	1	1
	138	3	-2	-2	1	1	1
	139	3	-2	-1	1	1	1
	140	3	-2	0	1	1	1
	141	3	-2	1	1	1	1
	142	3	-2	2	1	1	1
	143	3	-2	3	1	1	1
	144	4	-2	-2	1	1	1
	145	4	-2	-1	1	1	1
	146	4	-2	0	1	1	1
	147	4	-2	1	1	1	1
	148	4	-2	2	1	1	1
	149	-4	-1	-2	1	1	1
	150	-4	-1	-1	1	1	1
	151	-4	-1	0	1	1	1
	152	-4	-1	1	1	1	1
	153	-4	-1	2	1	1	1
	154	-3	-1	-3	1	1	1
	155	-3	-1	-2	1	1	1
	156	-3	-1	-1	1	1	1
	157	-3	-1	0	1	1	1
	158	-3	-1	1	1	1	1
	159	-3	-1	2	1	1	1
	160	-3	-1	3	1	1	1
	161	-2	-1	-4	1	1	1
	162	-2	-1	-3	1	1	1
	163	-2	-1	-2	1	1	1
	164	-2	-1	-1	1	1	1
	165	-2	-1	0	1	1	1
	166	-2	-1	1	1	1	1
	167	-2	-1	2	1	1	1
	168	-2	-1	3	1	1	1
	169	-2	-1	4	1	1	1
	170	-1	-1	-4	1	1	1
	171	-1	-1	-3	1	1	1
	172	-1	-1	-2	1	1	1
	173	-1	-1	-1	1	1	1
	174	-1	-1	0	1	1	1
	175	-1	-1	1	1	1	1
	176	-1	-1	2	1	1	1
	177	-1	-1	3	1	1	1
	178	-1	-1	4	1	1	1
	179	0	-1	-4	1	1	1
	180	0	-1	-3	1	1	1
	181	0	-1	-2	1	1	1
	182	0	-1	-1	1	1	1
	183	0	-1	0	1	1	1
	184	0	-1	1	1	1	1
	185	0	-1	2	1	1	1
	186	0	-1	3	1	1	1
	187	0	-1	4	1	1	1
	188	1	-1	-4	1	1	1
	189	1	-1	-3	1	1	1
	190	1	-1	-2	1	1	1
	191	1	-1	-1	1	1	1
	192	1	-1	0	1	1	1
	193	1	-1	1	1	1	1
	194	1	-1	2	1	1	1
	195	1	-1	3	1	1	1
	196	1	-1	4	1	1	1
	197	2	-1	-4	1	1	1
	198	2	-1	-3	1	1	1
	199	2	-1	-2	1	1	1
	200	2	-1	-1	1	1	1
	201	2	-1	0	1	1	1
	202	2	-1	1	1	1	1
	203	2	-1	2	1	1	1
	204	2	-1	3	1	1	1
	205	2	-1	4	1	1	1
	206	3	-1	-3	1	1	1
	207	3	-1	-2	1	1	1
	208	3	-1	-1	1	1	1
	209	3	-1	0	1	1	1
	210	3	-1	1	1	1	1
	211	3	-1	2	1	1	1
	212	3	-1	3	1	1	1
	213	4	-1	-2	1	1	1
	214	4	-1	-1	1	1	1
	215	4	-1	0	1	1	1
	216	4	-1	1	1	1	1
	217	4	-1	2	1	1	1
	218	-5	0	0	1	1	1
	219	-4	0	-3	1	1	1
	220	-4	0	-2	1	1	1
	221	-4	0	-1	1	1	1
	222	-4	0	0	1	1	1
	223	-4	0	1	1	1	1
	224	-4	0	2	1	1	1
	225	-4	0	3	1	1	1
	226	-3	0	-4	1	1	1
	227	-3	0	-3	1	1	1
	228	-3	0	-2	1	1	1
	229	-3	0	-1	1	1	1
	230	-3	0	0	1	1	1
	231	-3	0	1	1	1	1
	232	-3	0	2	1	1	1
	233	-3	0	3	1	1	1
	234	-3	0	4	1	1	1
	235	-2	0	-4	1	1	1
	236	-2	0	-3	1	1	1
	237	-2	0	-2	1	1	1
	238	-2	0	-1	1	1	1
	239	-2	0	0	1	1	1
	240	-2	0	1	1	1	1
	241	-2	0	2	1	1	1
	242	-2	0	3	1	1	1
	243	-2	0	4	1	1	1
	244	-1	0	-4	1	1	1
	245	-1	0	-3	1	1	1
	246	-1	0	-2	1	1	1
	247	-1	0	-1	1	1	1
	248	-1	0	0	1	1	1
	249	-1	0	1	1	1	1
	250	-1	0	2	1	1	1
	251	-1	0	3	1	1	1
	252	-1	0	4	1	1	1
	253	0	0	-5	1	1	1
	254	0	0	-4	1	1	1
	255	0	0	-3	1	1	1
	256	0	0	-2	1	1	1
	257	0	0	-1	1	1	1
	258	0	0	0	1	1	1
	259	0	0	1	1	1	1
	260	0	0	2	1	1	1
	261	0	0	3	1	1	1
	262	0	0	4	1	1	1
	263	0	0	5	1	1	1
	264	1	0	-4	1	1	1
	265	1	0	-3	1	1	1
	266	1	0	-2	1	1	1
	267	1	0	-1	1	1	1
	268	1	0	0	1	1	1
	269	1	0	1	1	1	1
	270	1	0	2	1	1	1
	271	1	0	3	1	1	1
	272	1	0	4	1	1	1
	273	2	0	-4	1	1	1
	274	2	0	-3	1	1	1
	275	2	0	-2	1	1	1
	276	2	0	-1	1	1	1
	277	2	0	0	1	1	1
	278	2	0	1	1	1	1
	279	2	0	2	1	1	1
	280	2	0	3	1	1	1
	281	2	0	4	1	1	1
	282	3	0	-4	1	1	1
	283	3	0	-3	1	1	1
	284	3	0	-2	1	1	1
	285	3	0	-1	1	1	1
	286	3	0	0	1	1	1
	287	3	0	1	1	1	1
	288	3	0	2	1	1	1
	289	3	0	3	1	1	1
	290	3	0	4	1	1	1
	291	4	0	-3	1	1	1
	292	4	0	-2	1	1	1
	293	4	0	-1	1	1	1
	294	4	0	0	1	1	1
	295	4	0	1	1	1	1
	296	4	0	2	1	1	1
	297	4	0	3	1	1	1
	298	5	0	0	1	1	1
	299	-4	1	-2	1	1	1
	300	-4	1	-1	1	1	1
	301	-4	1	0	1	1	1
	302	-4	1	1	1	1	1
	303	-4	1	2	1	1	1
	304	-3	1	-3	1	1	1
	305	-3	1	-2	1	1	1
	306	-3	1	-1	1	1	1
	307	-3	1	0	1	1	1
	308	-3	1	1	1	1	1
	309	-3	1	2	1	1	1
	310	-3	1	3	1	1	1
	311	-2	1	-4	1	1	1
	312	-2	1	-3	1	1	1
	313	-2	1	-2	1	1	1
	314	-2	1	-1	1	1	1
	315	-2	1	0	1	1	1
	316	-2	1	1	1	1	1
	317	-2	1	2	1	1	1
	318	-2	1	3	1	1	1
	319	-2	1	4	1	1	1
	320	-1	1	-4	1	1	1
	321	-1	1	-3	1	1	1
	322	-1	1	-2	1	1	1
	323	-1	1	-1	1	1	1
	324	-1	1	0	1	1	1
	325	-1	1	1	1	1	1
	326	-1	1	2	1	1	1
	327	-1	1	3	1	1	1
	328	-1	1	4	1	1	1
	329	0	1	-4	1	1	1
	330	0	1	-3	1	1	1
	331	0	1	-2	1	1	1
	332	0	1	-1	1	1	1
	333	0	1	0	1	1	1
	334	0	1	1	1	1	1
	335	0	1	2	1	1	1
	336	0	1	3	1	1	1
	337	0	1	4	1	1	1
	338	1	1	-4	1	1	1
	339	1	1	-3	1	1	1
	340	1	1	-2	1	1	1
	341	1	1	-1	1	1	1
	342	1	1	0	1	1	1
	343	1	1	1	1	1	1
	344	1	1	2	1	1	1
	345	1	1	3	1	1	1
	346	1	1	4	1	1	1
	347	2	1	-4	1	1	1
	348	2	1	-3	1	1	1
	349	2	1	-2	1	1	1
	350	2	1	-1	1	1	1
	351	2	1	0	1	1	1
	352	2	1	1	1	1	1
	353	2	1	2	1	1	1
	354	2	1	3	1	1	1
	355	2	1	4	1	1	1
	356	3	1	-3	1	1	1
	357	3	1	-2	1	1	1
	358	3	1	-1	1	1	1
	359	3	1	0	1	1	1
	360	3	1	1	1	1	1
	361	3	1	2	1	1	1
	362	3	1	3	1	1	1
	363	4	1	-2	1	1	1
	364	4	1	-1	1	1	1
	365	4	1	0	1	1	1
	366	4	1	1	1	1	1
	367	4	1	2	1	1	1
	368	-4	2	-2	1	1	1
	369	-4	2	-1	1	1	1
	370	-4	2	0	1	1	1
	371	-4	2	1	1	1	1
	372	-4	2	2	1	1	1
	373	-3	2	-3	1	1	1
	374	-3	2	-2	1	1	1
	375	-3	2	-1	1	1	1
	376	-3	2	0	1	1	1
	377	-3	2	1	1	1	1
	378	-3	2	2	1	1	1
	379	-3	2	3	1	1	1
	380	-2	2	-4	1	1	1
	381	-2	2	-3	1	1	1
	382	-2	2	-2	1	1	1
	383	-2	2	-1	1	1	1
	384	-2	2	0	1	1	1
	385	-2	2	1	1	1	1
	386	-2	2	2	1	1	1
	387	-2	2	3	1	1	1
	388	-2	2	4	1	1	1
	389	-1	2	-4	1	1	1
	390	-1	2	-3	1	1	1
	391	-1	2	-2	1	1	1
	392	-1	2	-1	1	1	1
	393	-1	2	0	1	1	1
	394	-1	2	1	1	1	1
	395	-1	2	2	1	1	1
	396	-1	2	3	1	1	1
	397	-1	2	4	1	1	1
	398	0	2	-4	1	1	1
	399	0	2	-3	1	1	1
	400	0	2	-2	1	1	1
	401	0	2	-1	1	1	1
	402	0	2	0	1	1	1
	403	0	2	1	1	1	1
	404	0	2	2	1	1	1
	405	0	2	3	1	1	1
	406	0	2	4	1	1	1
	407	1	2	-4	1	1	1
	408	1	2	-3	1	1	1
	409	1	2	-2	1	1	1
	410	1	2	-1	1	1	1
	411	1	2	0	1	1	1
	412	1	2	1	1	1	1
	413	1	2	2	1	1	1
	414	1	2	3	1	1	1
	415	1	2	4	1	1	1
	416	2	2	-4	1	1	1
	417	2	2	-3	1	1	1
	418	2	2	-2	1	1	1
	419	2	2	-1	1	1	1
	420	2	2	0	1	1	1
	421	2	2	1	1	1	1
	422	2	2	2	1	1	1
	423	2	2	3	1	1	1
	424	2	2	4	1	1	1
	425	3	2	-3	1	1	1
	426	3	2	-2	1	1	1
	427	3	2	-1	1	1	1
	428	3	2	0	1	1	1
	429	3	2	1	1	1	1
	430	3	2	2	1	1	1
	431	3	2	3	1	1	1
	432	4	2	-2	1	1	1
	433	4	2	-1	1	1	1
	434	4	2	0	1	1	1
	435	4	2	1	1	1	1
	436	4	2	2	1	1	1
	437	-4	3	0	1	1	1
	438	-3	3	-2	1	1	1
	439	-3	3	-1	1	1	1
	440	-3	3	0	1	1	1
	441	-3	3	1	1	1	1
	442	-3	3	2	1	1	1
	443	-2	3	-3	1	1	1
	444	-2	3	-2	1	1	1
	445	-2	3	-1	1	1	1
	446	-2	3	0	1	1	1
	447	-2	3	1	1	1	1
	448	-2	3	2	1	1	1
	449	-2	3	3	1	1	1
	450	-1	3	-3	1	1	1
	451	-1	3	-2	1	1	1
	452	-1	3	-1	1	1	1
	453	-1	3	0	1	1	1
	454	-1	3	1	1	1	1
	455	-1	3	2	1	1	1
	456	-1	3	3	1	1	1
	457	0	3	-4	1	1	1
	458	0	3	-3	1	1	1
	459	0	3	-2	1	1	1
	460	0	3	-1	1	1	1
	461	0	3	0	1	1	1
	462	0	3	1	1	1	1
	463	0	3	2	1	1	1
	464	0	3	3	1	1	1
	465	0	3	4	1	1	1
	466	1	3	-3	1	1	1
	467	1	3	-2	1	1	1
	468	1	3	-1	1	1	1
	469	1	3	0	1	1	1
	470	1	3	1	1	1	1
	471	1	3	2	1	1	1
	472	1	3	3	1	1	1
	473	2	3	-3	1	1	1
	474	2	3	-2	1	1	1
	475	2	3	-1	1	1	1
	476	2	3	0	1	1	1
	477	2	3	1	1	1	1
	478	2	3	2	1	1	1
	479	2	3	3	1	1	1
	480	3	3	-2	1	1	1
	481	3	3	-1	1	1	1
	482	3	3	0	1	1	1
	483	3	3	1	1	1	1
	484	3	3	2	1	1	1
	485	4	3	0	1	1	1
	486	-3	4	0	1	1	1
	487	-2	4	-2	1	1	1
	488	-2	4	-1	1	1	1
	489	-2	4	0	1	1	1
	490	-2	4	1	1	1	1
	491	-2	4	2	1	1	1
	492	-1	4	-2	1	1	1
	493	-1	4	-1	1	1	1
	494	-1	4	0	1	1	1
	495	-1	4	1	1	1	1
	496	-1	4	2	1	1	1
	497	0	4	-3	1	1	1
	498	0	4	-2	1	1	1
	499	0	4	-1	1	1	1
	500	0	4	0	1	1	1
	501	0	4	1	1	1	1
	502	0	4	2	1	1	1
	503	0	4	3	1	1	1
	504	1	4	-2	1	1	1
	505	1	4	-1	1	1	1
	506	1	4	0	1	1	1
	507	1	4	1	1	1	1
	508	1	4	2	1	1	1
	509	2	4	-2	1	1	1
	510	2	4	-1	1	1	1
	511	2	4	0	1	1	1
	512	2	4	1	1	1	1
	513	2	4	2	1	1	1
	514	3	4	0	1	1	1
	515	0	5	0	1	1	1
